(x1, 3)
----------------------------------------------------------------------------------------------------
|         z          |       symbol       |         x1         |         x2         |         VB         |         s3         |         s1         |         c          |         s4         |         s2         |       pivot        |       index        |
|        1.0         |         =          |        0.0         |        -3.0        |       1600.0       |        4.0         |        0.0         |       1600.0       |        0.0         |        0.0         |        -0.0        |         0          |
|        0.0         |         =          |        0.0         |        1.0         |       200.0        |        -2.0        |        1.0         |       200.0        |        0.0         |        0.0         |       500.0        |         1          |
|        0.0         |         =          |        0.0         |        1.0         |       400.0        |        -1.0        |        0.0         |       400.0        |        0.0         |        1.0         |       800.0        |         2          |
|        0.0         |         =          |        1.0         |        0.0         |       400.0        |        1.0         |        0.0         |       400.0        |        0.0         |        0.0         |       400.0        |         3          |
|        0.0         |         =          |        0.0         |        1.0         |       700.0        |        0.0         |        0.0         |       700.0        |        1.0         |        0.0         |         0          |         4          |
----------------------------------------------------------------------------------------------------
(x2, 1)
----------------------------------------------------------------------------------------------------
|         z          |       symbol       |         x1         |         x2         |         VB         |         s3         |         s1         |         c          |         s4         |         s2         |       pivot        |       index        |
|        1.0         |         =          |        0.0         |        0.0         |       2200.0       |        -2.0        |        3.0         |       2200.0       |        0.0         |        0.0         | -533.3333333333334 |         0          |
|        0.0         |         =          |        0.0         |        1.0         |       200.0        |        -2.0        |        1.0         |       200.0        |        0.0         |        0.0         |       200.0        |         1          |
|        0.0         |         =          |        0.0         |        0.0         |       200.0        |        1.0         |        -1.0        |       200.0        |        0.0         |        1.0         |       400.0        |         2          |
|        0.0         |         =          |        1.0         |        0.0         |       400.0        |        1.0         |        0.0         |       400.0        |        0.0         |        0.0         |         0          |         3          |
|        0.0         |         =          |        0.0         |        0.0         |       500.0        |        2.0         |        -1.0        |       500.0        |        1.0         |        0.0         |       700.0        |         4          |
----------------------------------------------------------------------------------------------------
(s3, 2)
----------------------------------------------------------------------------------------------------
|         z          |       symbol       |         x1         |         x2         |         VB         |         s3         |         s1         |         c          |         s4         |         s2         |       pivot        |       index        |
|        1.0         |         =          |        0.0         |        0.0         |       2600.0       |        0.0         |        1.0         |       2600.0       |        0.0         |        2.0         |      -1100.0       |         0          |
|        0.0         |         =          |        0.0         |        1.0         |       600.0        |        0.0         |        -1.0        |       600.0        |        0.0         |        2.0         |       -100.0       |         1          |
|        0.0         |         =          |        0.0         |        0.0         |       200.0        |        1.0         |        -1.0        |       200.0        |        0.0         |        1.0         |       200.0        |         2          |
|        0.0         |         =          |        1.0         |        0.0         |       200.0        |        0.0         |        1.0         |       200.0        |        0.0         |        -1.0        |       400.0        |         3          |
|        0.0         |         =          |        0.0         |        0.0         |       100.0        |        0.0         |        1.0         |       100.0        |        1.0         |        -2.0        |       250.0        |         4          |
----------------------------------------------------------------------------------------------------
