(x, 1)
----------------------------------------------------------------------------------------------------
|         z          |       symbol       |         x          |         y          |         w          |         VB         |         e6         |         s4         |         s1         |         s3         |         c          |         s2         |         s5         |       pivot        |       index        |
|        1.0         |         =          |        0.0         |      -3000.0       |      -10000.0      |      910000.0      |        0.0         |        0.0         |        50.0        |        0.0         |      910000.0      |        0.0         |        0.0         |        -0.0        |         0          |
|        0.0         |         =          |        1.0         |        0.15        |        0.3         |        9.1         |        0.0         |        0.0         |       0.0005       |        0.0         |        9.1         |        0.0         |        0.0         |        9.1         |         1          |
|        0.0         |         =          |        0.0         |       -0.15        |        -0.3        | 0.9000000000000004 |        0.0         |        0.0         |      -0.0005       |        0.0         | 0.9000000000000004 |        1.0         |        0.0         |        10.0        |         2          |
|        0.0         |         =          |        0.0         |        1.0         |        0.0         |        20.0        |        0.0         |        0.0         |        0.0         |        1.0         |        20.0        |        0.0         |        0.0         |         0          |         3          |
|        0.0         |         =          |        0.0         |        0.0         |        1.0         |        10.0        |        0.0         |        1.0         |        0.0         |        0.0         |        10.0        |        0.0         |        0.0         |         0          |         4          |
|        0.0         |         =          |        0.0         |       0.575        |       -0.35        |        4.55        |        0.0         |        0.0         |      0.00025       |        0.0         |        4.55        |        0.0         |        1.0         |        -0.0        |         5          |
|        0.0         |         =          |        0.0         | -0.235000000000000 |       -0.37        |        8.19        |        -1.0        |        0.0         | -0.000450000000000 |        0.0         |       -8.19        |        0.0         |        0.0         |        0.0         |         6          |
----------------------------------------------------------------------------------------------------
(w, 4)
----------------------------------------------------------------------------------------------------
|         z          |       symbol       |         x          |         y          |         w          |         VB         |         e6         |         s4         |         s1         |         s3         |         c          |         s2         |         s5         |       pivot        |       index        |
|        1.0         |         =          |        0.0         |      -3000.0       |        0.0         |     1010000.0      |        0.0         |      10000.0       |        50.0        |        0.0         |     1010000.0      |        0.0         |        0.0         |       -91.0        |         0          |
|        0.0         |         =          |        1.0         |        0.15        |        0.0         |        6.1         |        0.0         |        -0.3        |       0.0005       |        0.0         |        6.1         |        0.0         |        0.0         | 30.333333333333332 |         1          |
|        0.0         |         =          |        0.0         |       -0.15        |        0.0         | 3.9000000000000004 |        0.0         |        0.3         |      -0.0005       |        0.0         | 3.9000000000000004 |        1.0         |        0.0         | -3.000000000000001 |         2          |
|        0.0         |         =          |        0.0         |        1.0         |        0.0         |        20.0        |        0.0         |        0.0         |        0.0         |        1.0         |        20.0        |        0.0         |        0.0         |         0          |         3          |
|        0.0         |         =          |        0.0         |        0.0         |        1.0         |        10.0        |        0.0         |        1.0         |        0.0         |        0.0         |        10.0        |        0.0         |        0.0         |        10.0        |         4          |
|        0.0         |         =          |        0.0         |       0.575        |        0.0         |        8.05        |        0.0         |        0.35        |      0.00025       |        0.0         |        8.05        |        0.0         |        1.0         |       -13.0        |         5          |
|        0.0         |         =          |        0.0         | -0.235000000000000 |        0.0         | 4.489999999999999  |        -1.0        |        0.37        | -0.000450000000000 |        0.0         | -4.489999999999999 |        0.0         |        0.0         | 22.135135135135133 |         6          |
----------------------------------------------------------------------------------------------------
(y, 5)
----------------------------------------------------------------------------------------------------
|         z          |       symbol       |         x          |         y          |         w          |         VB         |         e6         |         s4         |         s1         |         s3         |         c          |         s2         |         s5         |       pivot        |       index        |
|        1.0         |         =          |        0.0         |        0.0         |        0.0         |     1052000.0      |        0.0         | 11826.08695652174  | 51.30434782608695  |        0.0         |     1052000.0      |        0.0         | 5217.391304347827  | -336.6666666666667 |         0          |
|        0.0         |         =          |        1.0         |        0.0         |        0.0         | 3.9999999999999996 |        0.0         | -0.391304347826086 | 0.0004347826086956 |        0.0         | 3.9999999999999996 |        0.0         | -0.260869565217391 | 40.666666666666664 |         1          |
|        0.0         |         =          |        0.0         |        0.0         |        0.0         |        6.0         |        0.0         | 0.3913043478260869 | -0.000434782608695 |        0.0         |        6.0         |        1.0         | 0.2608695652173913 | -26.00000000000000 |         2          |
|        0.0         |         =          |        0.0         |        0.0         |        0.0         | 5.999999999999998  |        0.0         | -0.608695652173913 | -0.000434782608695 |        1.0         | 5.999999999999998  |        0.0         | -1.739130434782608 |        20.0        |         3          |
|        0.0         |         =          |        0.0         |        0.0         |        1.0         |        10.0        |        0.0         |        1.0         |        0.0         |        0.0         |        10.0        |        0.0         |        0.0         |         0          |         4          |
|        0.0         |         =          |        0.0         |        1.0         |        0.0         | 14.000000000000002 |        0.0         | 0.6086956521739131 | 0.0004347826086956 |        0.0         | 14.000000000000002 |        0.0         | 1.7391304347826089 | 14.000000000000002 |         5          |
|        0.0         |         =          |        0.0         |        0.0         |        0.0         | 1.1999999999999988 |        -1.0        | 0.5130434782608696 | -0.000347826086956 |        0.0         | -1.199999999999998 |        0.0         | 0.4086956521739131 |  19.1063829787234  |         6          |
----------------------------------------------------------------------------------------------------
